.Random.seed <-
c(403L, 10L, -480512909L, -461416303L, 543320256L, 186712734L,
-1271832983L, -411545957L, 699294634L, 939018188L, -946464113L,
-1354370363L, -2085938564L, 28178130L, 577847885L, -1196699897L,
-379219218L, -1136384056L, -707745589L, 1869887785L, -1382194824L,
708830886L, 805908673L, 1077909843L, 2126038530L, 1093959476L,
2077600951L, 572259501L, 644049348L, 1839073770L, 899708501L,
373385199L, -2052966410L, -45518560L, -437027101L, -2039830655L,
-2053152272L, 617308302L, -918042631L, -1008804469L, -331445830L,
-1275606852L, -956060673L, 1877711189L, 2082595436L, 1262307010L,
1599377693L, 231155607L, 787784446L, -1928283976L, 1784750747L,
1100427513L, 497979976L, 1669987702L, 510618801L, 1236762851L,
280797106L, 277045252L, 779211591L, -1471608291L, -1139892076L,
-1082961862L, -717008251L, 821056351L, -1697141786L, -598333840L,
-770111085L, -710185423L, 863487200L, 1908143486L, -108533751L,
1238190139L, -339765750L, -1472477716L, 466471535L, 66438565L,
-535005860L, 1191192882L, 1118599213L, 608212711L, 1984936974L,
134850024L, 1054560235L, -1865027447L, 1127900184L, -1968966842L,
766341537L, 2108448819L, 110685602L, -1917904748L, -1412755689L,
-1765594867L, 493961252L, 344145930L, 1043621237L, -1198725937L,
-71530538L, -768096384L, 121707459L, 916065633L, 1881510864L,
1213489966L, 1280245465L, 704285931L, 1364708698L, -2015879396L,
-1630004705L, 1132161653L, 97281804L, 1435532002L, -756138051L,
-1108867017L, 1419903710L, 151330328L, -796925573L, 962820377L,
-329579096L, -1630672554L, 890616273L, -245466749L, -699471854L,
570993572L, 744045415L, 1685266621L, -1881688012L, -595412070L,
-401410075L, 1892197247L, -521411834L, -315323248L, -1378927309L,
-325018927L, 765001856L, 1207605598L, -548499799L, -2068276901L,
1373942634L, -910575092L, -1462293937L, 875579141L, -1637314628L,
-867521902L, 403452301L, 618535367L, 1021438638L, 1378673416L,
211214603L, -2080645143L, 432146616L, -528072858L, -1445934079L,
-539583853L, 542960962L, -1949375756L, -1604301065L, -1377546515L,
355826052L, 669677482L, -1490785003L, 147441583L, 1644308406L,
1448410592L, 106894627L, 1068386881L, 207971632L, -64667826L,
-1093655111L, -656853045L, -904475526L, -1397060228L, 724526527L,
-103546219L, -1143553876L, -1752741246L, 608649821L, -1245260457L,
-811460546L, -1339671432L, -441104549L, -1902787911L, 1904819976L,
1206654390L, 1938795249L, -1242227421L, 648877938L, 1513723332L,
1836600711L, 1993359197L, 425808212L, -1503329414L, 473240261L,
-163703777L, 1866138534L, -609725136L, 890968019L, -1227901455L,
862905120L, 4427198L, 1221289417L, -1961272965L, -1641439414L,
410460076L, 1862411951L, -858499995L, -2129578980L, 1832393330L,
-1339941651L, 82060583L, 2025304398L, 365191592L, -1343777365L,
1569763017L, -1781688616L, 1313373062L, 1376341601L, 566515699L,
194153058L, -508113708L, 1609772503L, 2073167821L, -1497877660L,
-858400950L, -1068273995L, 1953072655L, 1310062358L, 391926208L,
-2120519293L, -1631983711L, -510867568L, 1007853392L, -1835392222L,
-506069688L, 1617746444L, 1423849564L, -603730734L, -647439872L,
236342612L, 442407400L, -351814662L, 178811088L, 262454572L,
-114150668L, -679540334L, 1382069344L, -141482740L, 27472608L,
1487956322L, 67553960L, 1392775756L, -1134788228L, 366019890L,
-304787344L, 495990596L, -1384731176L, 1411923066L, -1233613264L,
982223548L, -74231980L, 2093831234L, 2016980384L, -487064900L,
414415312L, -250319518L, 925839336L, 34654156L, 1021984508L,
-316120590L, 714483840L, -1240746764L, 1204565640L, 1083311930L,
-1426599088L, 1217877612L, -454422380L, 813318482L, -2108399904L,
-579046708L, -994864992L, 252271490L, -1351978264L, 1622905580L,
-909120452L, 1052959346L, -2010749840L, 1805076004L, -1941224392L,
-226203622L, 1669253840L, -1827724228L, 1775817876L, 2005503106L,
252471232L, -470083268L, 36647568L, -1247290334L, -348658680L,
924727436L, 1822583836L, 1231111826L, 664302720L, -1739390956L,
-1725340376L, 2059226682L, 1624843472L, 2023883884L, -2060528972L,
913541138L, -449824800L, 1654968268L, -1028248096L, -1580798430L,
-1178867416L, -1604800244L, -1686235588L, 697311474L, -1680147728L,
-1401371836L, 1494690392L, -1398296006L, -36641040L, 202636476L,
-452030956L, -1808383806L, 1298346080L, -1815278212L, -2091451184L,
935410722L, -2115700056L, 1259089804L, -1552033348L, 635302962L,
-37177536L, -1387857740L, 1568383816L, 276855482L, -864997616L,
1301141740L, 2028336212L, -5642478L, -1698901088L, 1216872396L,
879610720L, 1535971522L, 1266046504L, -896563796L, -374407364L,
-1684975758L, 200041264L, 2136195620L, -446730184L, 1043746010L,
1784611216L, -520296708L, 139378580L, 43131714L, 316381696L,
-441998788L, 1897961040L, -1097411934L, -351704248L, 744864268L,
1623870684L, -1236508078L, -1323730816L, -1783407788L, 312504808L,
1676503802L, 34797392L, -184368084L, -94710412L, 204197522L,
-2050450848L, 1677054604L, -1234564256L, -1912106270L, -1892353880L,
-1741303604L, 171241980L, -1603477582L, -73837072L, -1144771132L,
758490968L, -933258374L, -1696301648L, 681255356L, 186372180L,
2125247426L, -778153184L, 2100729788L, -121212336L, 1355267554L,
-2072231576L, -1744605876L, 1359171836L, -2072403214L, 2054823680L,
-1901969804L, -1279193080L, -1158749766L, 1413365712L, -1295394324L,
-1919330412L, -761527598L, 782237280L, -1095080628L, 1079174432L,
-862123390L, -1276126744L, 1612177388L, -1295612356L, -394496398L,
-1284854928L, 1215011108L, -1756671432L, 1489234330L, -17040944L,
-118446660L, -81184620L, -1428581246L, -776649280L, -1543754948L,
-2012730224L, -317879518L, -1124706808L, 1742361868L, -819575396L,
-38855150L, 505523072L, 1212367636L, -1991179992L, -155950022L,
1237519312L, 1499728492L, 1132642868L, 1620626066L, -1638783648L,
897333580L, 1609164768L, 1766815138L, 1545012648L, 160269964L,
-814817860L, 1963785842L, -1403620368L, -1825837500L, -471965608L,
1359702074L, 674607216L, -2117953476L, 1668432148L, 998580930L,
-21616928L, 1678325884L, 51640016L, -558696030L, 1341413416L,
985081906L, 2146910343L, -719852335L, -1836992938L, 991422004L,
642850117L, -554578033L, -433882360L, 247627046L, 1811981779L,
1203793717L, -213309806L, -1641348512L, 155243465L, 1345139451L,
1612463308L, 1377678682L, -2054555569L, 2013607193L, -924049618L,
-922447556L, -1941834067L, -1790054057L, -1223196512L, -1185612290L,
-527265589L, -1980207411L, -1524811270L, -1379769800L, -830586911L,
1395144851L, 317807284L, 1061590978L, 1124357079L, 1734401057L,
-2010637338L, 1018103524L, 125825557L, 833075775L, 853946840L,
233908214L, -942485501L, -2114747L, -148467870L, -1304366896L,
-1659896839L, -1370908885L, 613426332L, -1725760822L, -1404931137L,
-1062396151L, -1466218466L, -48154164L, -1111174243L, -746910169L,
-1609276336L, -827724562L, 291948955L, 1120862205L, 738020074L,
2028674440L, -1639232719L, 1586676643L, 1949696932L, 1243172434L,
2014752167L, -472118799L, -471155402L, 464520660L, -1567872155L,
753783663L, 1341533608L, -1237191930L, -12884429L, 336653461L,
-1397795598L, -1619544768L, -1532454231L, -13855973L, -1176001300L,
-1906538246L, 1605163311L, -1423631047L, 384782158L, -625777252L,
-1533270259L, -404147849L, 388408704L, 1737716702L, 396524715L,
-816429139L, -129582054L, -320359720L, 160889665L, 1138916339L,
1933002260L, -1186619486L, -1882398537L, -439944575L, -1151227258L,
-589255996L, -1614820363L, -1451629985L, 473756856L, 691065238L,
-1583969373L, -416714907L, -1511790974L, 1811231728L, 9856409L,
-2136290421L, -895891844L, 723254442L, -1463005473L, 1180746857L,
1632001662L, -873392532L, 1282349757L, 562800519L, -1734892688L,
-412347890L, -1503224005L, 508503069L, 1368878282L, 336803816L,
-1530264367L, 1885278403L, 1432164292L, 387462258L, 975826247L,
-965263087L, -1242930026L, 1536694772L, 724429701L, -1473649969L,
850100168L, 229758566L, -724125549L, 2144151541L, 1451033042L,
-303683040L, -813644791L, -635520709L, -77755252L, -1635112678L,
1757081487L, -1030836007L, 2105007982L, 1495713532L, 268788845L,
-1596194793L, 1392843232L, 1915643326L, 72477579L, -188957683L,
